0.07087933799281675	 0.9291206620071832	1
0.05	 0.95	1
0.0500006575722369	 0.9499993424277631	1
0.9499999999928683	 0.05000000000713167	0
0.05	 0.95	1
0.05	 0.95	1
0.05	 0.95	1
0.95	 0.050000000000000044	0
0.05	 0.95	1
0.05	 0.95	1
0.05	 0.95	1
0.05000002463004692	 0.9499999753699531	1
0.05	 0.95	1
0.05	 0.95	1
0.95	 0.050000000000000044	0
0.05	 0.95	1
0.05	 0.95	1
0.05	 0.95	1
0.95	 0.050000000000000044	0
0.05	 0.95	1
0.05	 0.95	1
0.05	 0.95	1
0.05000000000000079	 0.9499999999999992	1
0.95	 0.050000000000000044	0
0.05	 0.95	1
0.05	 0.95	1
0.050000000655467364	 0.9499999993445326	1
0.05	 0.95	1
0.95	 0.050000000000000044	0
0.050000020769764814	 0.9499999792302352	1
0.05000000000005167	 0.9499999999999483	1
0.05	 0.95	1
0.8245462098202683	 0.17545379017973173	0
0.05	 0.95	1
0.05000000000089789	 0.9499999999991021	1
0.9499790936930166	 0.050020906306983415	0
0.9499980852219589	 0.05000191477804106	0
0.05	 0.95	1
0.95	 0.050000000000000044	0
0.05	 0.95	1
0.05	 0.95	1
0.05	 0.95	1
0.95	 0.050000000000000044	0
0.05	 0.95	1
0.95	 0.050000000000000044	0
0.05	 0.95	1
0.95	 0.050000000000000044	0
0.95	 0.050000000000000044	0
0.95	 0.050000000000000044	0
0.05	 0.95	1
0.95	 0.050000000000000044	0
0.05	 0.95	1
0.05	 0.95	1
0.05	 0.95	1
0.95	 0.050000000000000044	0
0.05	 0.95	1
0.95	 0.050000000000000044	0
0.05	 0.95	1
0.95	 0.050000000000000044	0
0.05	 0.95	1
0.949999999902984	 0.050000000097015995	0
0.05020456840451208	 0.949795431595488	1
0.05000004054021462	 0.9499999594597854	1
0.05	 0.95	1
0.95	 0.050000000000000044	0
0.05	 0.95	1
0.95	 0.050000000000000044	0
0.05	 0.95	1
0.95	 0.050000000000000044	0
0.050000000000057686	 0.9499999999999423	1
0.05	 0.95	1
0.05000004011550908	 0.9499999598844909	1
0.95	 0.050000000000000044	0
0.05	 0.95	1
0.9499980774115389	 0.050001922588461145	0
0.05	 0.95	1
0.95	 0.050000000000000044	0
0.05	 0.95	1
0.95	 0.050000000000000044	0
0.9499999999999988	 0.050000000000001155	0
0.05	 0.95	1
0.05	 0.95	1
0.95	 0.050000000000000044	0
0.05	 0.95	1
0.95	 0.050000000000000044	0
0.05	 0.95	1
0.95	 0.050000000000000044	0
0.050067009269461685	 0.9499329907305383	1
0.9499999999926858	 0.050000000007314194	0
0.95	 0.050000000000000044	0
0.95	 0.050000000000000044	0
0.05000000000000016	 0.9499999999999998	1
0.95	 0.050000000000000044	0
0.9499999999881763	 0.0500000000118237	0
0.9499999446958518	 0.050000055304148194	0
0.05	 0.95	1
0.95	 0.050000000000000044	0
0.05	 0.95	1
0.95	 0.050000000000000044	0
0.95	 0.050000000000000044	0
0.05007805186831543	 0.9499219481316845	1
0.05	 0.95	1
0.95	 0.050000000000000044	0
0.0500000000000004	 0.9499999999999996	1
0.95	 0.050000000000000044	0
0.05	 0.95	1
0.05	 0.95	1
0.95	 0.050000000000000044	0
0.95	 0.050000000000000044	0
0.95	 0.050000000000000044	0
0.95	 0.050000000000000044	0
0.05	 0.95	1
0.95	 0.050000000000000044	0
0.05	 0.95	1
0.95	 0.050000000000000044	0
0.9372912750063725	 0.06270872499362745	0
0.8283693525382214	 0.17163064746177858	0
0.95	 0.050000000000000044	0
0.95	 0.050000000000000044	0
0.05	 0.95	1
0.95	 0.050000000000000044	0
0.05	 0.95	1
0.95	 0.050000000000000044	0
0.05	 0.95	1
0.95	 0.050000000000000044	0
0.05	 0.95	1
0.95	 0.050000000000000044	0
0.05	 0.95	1
0.05	 0.95	1
0.05	 0.95	1
0.95	 0.050000000000000044	0
0.9331853572988279	 0.0668146427011721	0
0.95	 0.050000000000000044	0
0.05	 0.95	1
0.95	 0.050000000000000044	0
0.05	 0.95	1
0.95	 0.050000000000000044	0
0.05	 0.95	1
0.95	 0.050000000000000044	0
0.05	 0.95	1
0.95	 0.050000000000000044	0
0.05	 0.95	1
0.95	 0.050000000000000044	0
0.05	 0.95	1
0.05008371164484543	 0.9499162883551546	1
0.05	 0.95	1
0.0500000000002813	 0.9499999999997187	1
0.05	 0.95	1
0.050105245448319694	 0.9498947545516803	1
0.05	 0.95	1
0.05000306567713023	 0.9499969343228698	1
0.05	 0.95	1
0.9499992400915441	 0.05000075990845587	0
0.05	 0.95	1
0.95	 0.050000000000000044	0
0.05	 0.95	1
0.95	 0.050000000000000044	0
0.05	 0.95	1
0.05107381990095998	 0.9489261800990401	1
0.05	 0.95	1
0.95	 0.050000000000000044	0
0.05	 0.95	1
0.95	 0.050000000000000044	0
0.05	 0.95	1
0.95	 0.050000000000000044	0
0.05	 0.95	1
0.95	 0.050000000000000044	0
0.05	 0.95	1
0.95	 0.050000000000000044	0
0.05	 0.95	1
0.95	 0.050000000000000044	0
0.05	 0.95	1
0.95	 0.050000000000000044	0
0.05	 0.95	1
0.95	 0.050000000000000044	0
0.05	 0.95	1
0.95	 0.050000000000000044	0
0.05	 0.95	1
0.95	 0.050000000000000044	0
0.05	 0.95	1
0.9499999999993425	 0.05000000000065752	0
0.05	 0.95	1
0.95	 0.050000000000000044	0
0.05	 0.95	1
0.9499999999999749	 0.050000000000025135	0
0.05	 0.95	1
0.05000001491377282	 0.9499999850862272	1
0.05	 0.95	1
0.9499999935155172	 0.05000000648448277	0
0.05	 0.95	1
0.95	 0.050000000000000044	0
0.05	 0.95	1
0.95	 0.050000000000000044	0
0.05	 0.95	1
0.95	 0.050000000000000044	0
0.05	 0.95	1
0.95	 0.050000000000000044	0
0.05	 0.95	1
0.95	 0.050000000000000044	0
0.05	 0.95	1
