0 1289 0.00543056633049 0.0 0.561675717611
1 1547 0.00581771170006 0.0 0.751777634131
0 559 0.00894454382826 0.0 0.518783542039
1 630 0.0 0.0 0.604761904762
0 404 0.0049504950495 0.0 0.433168316832
0 913 0.00219058050383 0.0 0.532311062432
1 297 0.0 0.0 0.457912457912
1 623 0.0016051364366 0.0 0.555377207063
1 509 0.00785854616896 0.0 0.607072691552
0 325 0.0 0.0 0.4
0 311 0.0064308681672 0.0 0.389067524116
1 310 0.0 0.0 0.487096774194
0 308 0.0194805194805 0.0 0.422077922078
1 470 0.00851063829787 0.0 0.557446808511
1 491 0.0061099796334 0.0 0.525458248473
0 510 0.00588235294118 0.0 0.460784313725
0 376 0.0106382978723 0.0 0.385638297872
0 695 0.00719424460432 0.0 0.525179856115
0 424 0.00707547169811 0.0 0.47641509434
1 537 0.00372439478585 0.0 0.610800744879
0 368 0.0 0.0 0.448369565217
1 474 0.00632911392405 0.0 0.601265822785
1 367 0.00272479564033 0.0 0.493188010899
1 361 0.0 0.0 0.554016620499
0 576 0.0104166666667 0.0 0.489583333333
1 392 0.00255102040816 0.00255102040816 0.530612244898
1 1564 0.00383631713555 0.0 0.658567774936
1 405 0.00246913580247 0.0 0.555555555556
0 1427 0.0021023125438 0.0 0.561317449194
0 326 0.0122699386503 0.0 0.420245398773
0 495 0.00808080808081 0.0 0.492929292929
0 458 0.0 0.0 0.46943231441
1 487 0.00205338809035 0.0 0.574948665298
1 453 0.00441501103753 0.0 0.558498896247
0 311 0.016077170418 0.0 0.418006430868
1 385 0.00779220779221 0.0 0.581818181818
1 1028 0.0 0.000972762645914 0.688715953307
1 580 0.0 0.0 0.620689655172
1 421 0.0 0.0 0.579572446556
1 2723 0.00514138817481 0.000367242012486 0.73411678296
1 420 0.00238095238095 0.0 0.633333333333
0 1001 0.00899100899101 0.0 0.568431568432
0 567 0.0 0.0 0.52733686067
1 465 0.00430107526882 0.0 0.567741935484
1 516 0.00193798449612 0.0 0.593023255814
0 478 0.00627615062762 0.0 0.47280334728
1 416 0.0 0.0 0.550480769231
0 2762 0.00760318609703 0.0 0.624547429399
1 384 0.0078125 0.0 0.5234375
0 372 0.00268817204301 0.0 0.435483870968
1 533 0.00375234521576 0.0 0.572232645403
1 1130 0.00796460176991 0.0 0.688495575221
0 375 0.0106666666667 0.0 0.44
1 493 0.00405679513185 0.00202839756592 0.555780933063
1 1126 0.00266429840142 0.0 0.620781527531
0 543 0.0128913443831 0.0 0.473296500921
1 935 0.00641711229947 0.00106951871658 0.665240641711
1 1605 0.00623052959502 0.0 0.710903426791
0 395 0.0177215189873 0.0 0.486075949367
0 215 0.0 0.0 0.353488372093
1 336 0.0 0.0 0.553571428571
0 499 0.00200400801603 0.0 0.430861723447
1 1330 0.00451127819549 0.0 0.699248120301
1 1003 0.00199401794616 0.0 0.597208374875
1 4303 0.00371833604462 0.0 0.737160120846
0 649 0.00924499229584 0.0 0.474576271186
1 486 0.0 0.0 0.572016460905
1 461 0.00433839479393 0.0 0.566160520607
1 1137 0.00351802990325 0.0 0.691292875989
1 388 0.0 0.0 0.551546391753
1 1003 0.00398803589232 0.000997008973081 0.659022931206
0 561 0.00534759358289 0.0 0.516934046346
0 1346 0.0074294205052 0.0 0.55720653789
1 529 0.0 0.0 0.599243856333
0 847 0.00944510035419 0.00118063754427 0.495867768595
1 1224 0.0016339869281 0.0 0.647875816993
0 1429 0.00489853044087 0.0 0.577326801959
0 306 0.00326797385621 0.00326797385621 0.40522875817
0 1152 0.0112847222222 0.0 0.559027777778
0 1093 0.00731930466606 0.0 0.518755718207
1 379 0.00263852242744 0.0 0.511873350923
0 4174 0.00862482031624 0.000479156684236 0.662194537614
1 487 0.0041067761807 0.0 0.568788501027
0 449 0.0022271714922 0.0 0.47438752784
0 407 0.012285012285 0.0 0.422604422604
0 1250 0.0056 0.0 0.5616
1 292 0.0102739726027 0.0 0.558219178082
1 648 0.00154320987654 0.0 0.58487654321
1 1523 0.00131319763624 0.0 0.746552856205
1 395 0.00253164556962 0.0 0.551898734177
1 523 0.0 0.0 0.543021032505
0 351 0.00569800569801 0.0 0.475783475783
0 1065 0.00845070422535 0.00093896713615 0.542723004695
0 706 0.00991501416431 0.0 0.511331444759
0 1326 0.00150829562594 0.0 0.600301659125
0 509 0.00785854616896 0.0 0.440078585462
0 413 0.0 0.0 0.414043583535
1 568 0.00704225352113 0.0 0.600352112676
0 373 0.0 0.0 0.44235924933
1 471 0.00212314225053 0.0 0.571125265393
0 483 0.00207039337474 0.0 0.484472049689
1 521 0.00191938579655 0.0 0.566218809981
1 420 0.00238095238095 0.0 0.538095238095
1 505 0.0019801980198 0.0 0.530693069307
1 6557 0.00305017538508 0.000152508769254 0.794875705353
1 461 0.0 0.0 0.603036876356
1 826 0.00363196125908 0.0 0.566585956416
1 503 0.00198807157058 0.0 0.600397614314
1 543 0.0 0.00184162062615 0.653775322284
0 1163 0.00601891659501 0.000859845227859 0.572656921754
1 926 0.00107991360691 0.0 0.704103671706
1 1268 0.00315457413249 0.0 0.716088328076
0 334 0.0059880239521 0.00299401197605 0.422155688623
1 5977 0.00468462439351 0.000836540070269 0.780659193575
0 519 0.00963391136802 0.0 0.479768786127
0 660 0.0030303030303 0.0 0.513636363636
1 1581 0.00759013282732 0.0 0.773561037318
0 530 0.00188679245283 0.0 0.47358490566
0 633 0.00315955766193 0.0 0.511848341232
0 403 0.00248138957816 0.0 0.449131513648
0 576 0.00173611111111 0.0 0.465277777778
0 7355 0.00557443915704 0.000407885791978 0.697348742352
0 329 0.00303951367781 0.0 0.428571428571
1 538 0.0 0.00185873605948 0.639405204461
0 823 0.00607533414338 0.0 0.507897934386
0 498 0.00803212851406 0.0 0.467871485944
0 559 0.00536672629696 0.00178890876565 0.509838998211
0 946 0.00422832980973 0.0 0.536997885835
1 441 0.00226757369615 0.0 0.637188208617
1 482 0.00207468879668 0.0 0.56846473029
0 1569 0.0038240917782 0.0 0.57361376673
0 6992 0.00614988558352 0.000286041189931 0.690932494279
0 1152 0.00520833333333 0.0 0.5546875
0 245 0.00816326530612 0.0 0.351020408163
0 517 0.00773694390716 0.0 0.47582205029
1 500 0.008 0.0 0.638
0 537 0.00186219739292 0.0 0.525139664804
0 339 0.00884955752212 0.0 0.448377581121
0 319 0.00313479623824 0.0 0.442006269592
0 279 0.0215053763441 0.0 0.36917562724
1 378 0.0 0.0 0.486772486772
0 444 0.0112612612613 0.0 0.439189189189
0 722 0.00969529085873 0.0 0.512465373961
1 391 0.0 0.0 0.588235294118
1 519 0.0 0.0 0.541425818882
0 1998 0.00700700700701 0.0 0.608608608609
0 246 0.0121951219512 0.0 0.434959349593
0 680 0.00441176470588 0.0 0.505882352941
0 1786 0.00783874580067 0.0 0.560470324748
1 576 0.0 0.0 0.512152777778
0 653 0.0 0.0 0.499234303216
0 178 0.0112359550562 0.0 0.415730337079
0 1872 0.00320512820513 0.000534188034188 0.598290598291
0 602 0.0 0.0 0.504983388704
0 1095 0.00456621004566 0.0 0.551598173516
0 661 0.00756429652042 0.0 0.476550680787
1 1440 0.00416666666667 0.000694444444444 0.704861111111
1 416 0.0144230769231 0.0 0.632211538462
1 591 0.0 0.0 0.551607445008
1 1254 0.00558213716108 0.000797448165869 0.699362041467
1 552 0.00724637681159 0.0 0.538043478261
1 202 0.0 0.0 0.425742574257
0 1178 0.00594227504244 0.0 0.54753820034
0 722 0.00692520775623 0.0 0.538781163435
1 1839 0.00652528548124 0.0 0.727569331158
1 567 0.00705467372134 0.0 0.601410934744
0 523 0.0019120458891 0.0 0.443594646272
0 1194 0.00418760469012 0.0 0.564489112228
0 544 0.00551470588235 0.0 0.507352941176
0 523 0.0 0.0019120458891 0.483747609943
1 1167 0.00342759211654 0.0 0.608397600686
1 622 0.0096463022508 0.0 0.557877813505
0 700 0.01 0.0 0.508571428571
1 1032 0.000968992248062 0.0 0.636627906977
0 462 0.00865800865801 0.0 0.47619047619
0 466 0.00858369098712 0.0 0.491416309013
0 764 0.00392670157068 0.0 0.523560209424
1 530 0.0 0.0 0.545283018868
0 175 0.0114285714286 0.0 0.302857142857
1 463 0.00647948164147 0.0 0.539956803456
0 443 0.0112866817156 0.00225733634312 0.435665914221
1 884 0.00226244343891 0.0 0.642533936652
1 378 0.00529100529101 0.0 0.550264550265
0 466 0.0150214592275 0.0 0.442060085837
0 5643 0.00531632110579 0.000177210703526 0.692007797271
0 1007 0.00794438927507 0.000993048659384 0.541211519364
1 502 0.00199203187251 0.0 0.569721115538
0 6181 0.00630965863129 0.000970716712506 0.695194952273
1 696 0.0 0.0 0.604885057471
1 551 0.0127041742287 0.0 0.588021778584
1 402 0.00248756218905 0.0 0.492537313433
0 5606 0.00535140920442 0.000356760613628 0.687299322155
1 783 0.00255427841635 0.0 0.726692209451
1 162 0.0 0.0 0.574074074074
0 620 0.0129032258065 0.0 0.461290322581
0 816 0.00980392156863 0.0 0.523284313725
1 701 0.0142653352354 0.0 0.743223965763
0 236 0.0169491525424 0.0 0.440677966102
1 734 0.00272479564033 0.0 0.608991825613
1 4659 0.00472204335694 0.000214638334407 0.764971023825
0 660 0.0030303030303 0.0 0.512121212121
0 477 0.0041928721174 0.0 0.427672955975
1 1203 0.00997506234414 0.0 0.673316708229
1 4970 0.00623742454728 0.0 0.77907444668
1 5564 0.0039539899353 0.000179726815241 0.780913012221
0 570 0.00526315789474 0.0 0.512280701754
1 598 0.0150501672241 0.00167224080268 0.576923076923
0 742 0.00539083557951 0.0 0.539083557951
1 903 0.0110741971207 0.0 0.645625692137
1 272 0.00735294117647 0.0 0.573529411765
1 845 0.00355029585799 0.0 0.667455621302
1 478 0.00418410041841 0.0 0.562761506276
0 426 0.00704225352113 0.0 0.467136150235
0 649 0.0123266563945 0.00154083204931 0.473035439137
1 477 0.0062893081761 0.0 0.530398322851
1 704 0.00284090909091 0.00142045454545 0.609375
1 503 0.00596421471173 0.0 0.540755467197
0 305 0.00327868852459 0.0 0.445901639344
1 746 0.00268096514745 0.0 0.654155495979
1 422 0.0 0.0 0.580568720379
1 4465 0.00559910414334 0.000223964165733 0.805823068309
1 1208 0.00662251655629 0.000827814569536 0.769867549669
0 4592 0.0065331010453 0.000435540069686 0.672909407666
1 854 0.00585480093677 0.0 0.640515222482
1 387 0.00516795865633 0.0 0.509043927649
1 742 0.00269541778976 0.00134770889488 0.563342318059
1 1245 0.00401606425703 0.0 0.684337349398
0 967 0.00517063081696 0.00103412616339 0.554291623578
0 809 0.0061804697157 0.0 0.517923362176
1 496 0.00604838709677 0.0 0.590725806452
0 317 0.0 0.0 0.485804416404
1 814 0.0 0.0012285012285 0.615479115479
1 371 0.00269541778976 0.0 0.539083557951
0 699 0.00286123032904 0.0 0.547925608011
0 1374 0.0116448326055 0.0 0.558224163028
0 356 0.0140449438202 0.0 0.404494382022
1 770 0.00519480519481 0.0 0.612987012987
1 403 0.00992555831266 0.0 0.506203473945
1 322 0.0155279503106 0.0 0.577639751553
0 491 0.0061099796334 0.0 0.456211812627
1 328 0.0 0.0 0.515243902439
1 312 0.0 0.0 0.461538461538
0 299 0.0066889632107 0.00334448160535 0.387959866221
0 774 0.00904392764858 0.0 0.542635658915
0 437 0.00228832951945 0.00228832951945 0.45766590389
1 5237 0.00553752148176 0.000381898033225 0.792438418942
0 286 0.013986013986 0.0 0.34965034965
0 467 0.0107066381156 0.00214132762313 0.52034261242
0 365 0.0027397260274 0.0 0.435616438356
1 894 0.00447427293065 0.0 0.690156599553
1 4989 0.00561234716376 0.000200440970134 0.792744036881
0 5142 0.0046674445741 0.000388953714508 0.676196032672
0 547 0.0054844606947 0.0 0.449725776965
0 5062 0.00553141050968 0.000395100750691 0.663571710786
1 798 0.0062656641604 0.0 0.631578947368
1 504 0.00198412698413 0.0 0.577380952381
0 801 0.00624219725343 0.00124843945069 0.52684144819
1 5994 0.00633967300634 0.000333667000334 0.784951618285
0 421 0.0190023752969 0.0 0.458432304038
1 720 0.00138888888889 0.0 0.583333333333
0 7192 0.00667408231368 0.000139043381535 0.697024471635
0 670 0.0044776119403 0.0 0.486567164179
0 681 0.00587371512482 0.0 0.544787077827
0 386 0.0181347150259 0.0 0.432642487047
1 815 0.00490797546012 0.0 0.638036809816
1 578 0.00173010380623 0.0 0.555363321799
0 444 0.0225225225225 0.0 0.459459459459
0 6429 0.00715507855032 0.000155545185876 0.697153523098
0 6009 0.00532534531536 0.000166417041105 0.690797137627
0 433 0.00230946882217 0.0 0.424942263279
1 381 0.00262467191601 0.0 0.446194225722
1 7558 0.00767398782747 0.0 0.830113786716
1 5390 0.00482374768089 0.0 0.794990723562
0 653 0.00612557427259 0.0 0.50382848392
0 670 0.00597014925373 0.0 0.491044776119
0 1987 0.00603925515853 0.0 0.619526925013
1 483 0.00207039337474 0.0 0.581780538302
0 788 0.00507614213198 0.0 0.483502538071
1 828 0.0012077294686 0.0 0.664251207729
0 416 0.00480769230769 0.0 0.483173076923
0 1753 0.0125499144324 0.0 0.612093553908
1 577 0.00173310225303 0.0 0.590987868284
0 732 0.00273224043716 0.0 0.536885245902
0 1224 0.00653594771242 0.000816993464052 0.567810457516
1 1657 0.0036210018105 0.0 0.726010863005
1 1113 0.00808625336927 0.0 0.719676549865
1 457 0.0 0.0 0.582056892779
1 1676 0.0035799522673 0.0 0.689140811456
0 600 0.0 0.0 0.5
1 729 0.00137174211248 0.0 0.689986282579
1 1328 0.00828313253012 0.00301204819277 0.717620481928
1 521 0.00191938579655 0.0 0.525911708253
1 549 0.0 0.0 0.699453551913
0 566 0.0106007067138 0.0017667844523 0.471731448763
1 2149 0.00139599813867 0.0 0.694276407631
1 608 0.00657894736842 0.0 0.519736842105
0 1579 0.0025332488917 0.0 0.59531348955
0 513 0.00194931773879 0.00194931773879 0.500974658869
0 3547 0.0050747110234 0.000563856780378 0.662249788554
1 2813 0.0049768929968 0.000355492356914 0.722715961607
1 2617 0.00687810470004 0.00076423385556 0.769201375621
0 2193 0.00820793433653 0.0 0.612859097127
0 650 0.00615384615385 0.00153846153846 0.493846153846
1 893 0.00783874580067 0.0 0.64725643897
1 418 0.00717703349282 0.0 0.466507177033
0 311 0.0 0.0 0.360128617363
0 606 0.00660066006601 0.0 0.511551155116
1 529 0.0 0.0 0.538752362949
1 399 0.0 0.0 0.5664160401
0 246 0.0162601626016 0.0 0.353658536585
1 494 0.0 0.0 0.532388663968
1 476 0.00420168067227 0.0 0.615546218487
0 619 0.0 0.0 0.48465266559
1 482 0.00207468879668 0.00414937759336 0.551867219917
1 3416 0.0076112412178 0.000292740046838 0.783665105386
1 1115 0.00807174887892 0.0 0.664573991031
0 338 0.00591715976331 0.0 0.402366863905
0 645 0.0015503875969 0.0 0.475968992248
0 3664 0.00463973799127 0.000272925764192 0.647652838428
1 605 0.0 0.0 0.482644628099
1 387 0.0 0.0 0.576227390181
0 1103 0.00815956482321 0.0 0.529465095195
1 1736 0.00864055299539 0.000576036866359 0.703341013825
1 840 0.0047619047619 0.0 0.671428571429
1 1697 0.00589275191514 0.0 0.678845020625
1 1147 0.00610287707062 0.0 0.644289450741
0 624 0.00801282051282 0.0 0.527243589744
1 1161 0.00258397932817 0.000861326442722 0.606373815676
0 258 0.0077519379845 0.0 0.34496124031
1 424 0.00471698113208 0.0 0.554245283019
1 1081 0.00647548566142 0.000925069380204 0.674375578168
0 2003 0.0064902646031 0.0 0.620069895157
0 588 0.00340136054422 0.0 0.491496598639
0 2218 0.00360685302074 0.000901713255185 0.617673579802
0 991 0.00706357214934 0.00100908173562 0.535822401615
1 1772 0.00733634311512 0.000564334085779 0.734762979684
0 1176 0.00425170068027 0.000850340136054 0.565476190476
1 413 0.0 0.0 0.53995157385
1 3633 0.00660611065235 0.0 0.799339388935
0 386 0.0103626943005 0.0 0.450777202073
0 1183 0.0050718512257 0.0 0.569737954353
0 1417 0.00423429781228 0.00141143260409 0.583627381793
1 1510 0.00198675496689 0.0 0.739072847682
1 496 0.00201612903226 0.0 0.602822580645
0 594 0.00673400673401 0.0 0.535353535354
0 3248 0.00615763546798 0.0 0.642857142857
0 1626 0.00615006150062 0.0 0.581180811808
0 662 0.0 0.0 0.52416918429
0 2161 0.00416473854697 0.000462748727441 0.626099028228
1 2021 0.00643245917862 0.0 0.752597723899
1 377 0.0 0.0 0.527851458886
0 441 0.00453514739229 0.0 0.437641723356
1 461 0.0 0.0 0.540130151844
0 443 0.0135440180587 0.0 0.442437923251
0 524 0.0171755725191 0.0 0.467557251908
1 421 0.0 0.0 0.513064133017
1 715 0.00699300699301 0.0 0.657342657343
1 777 0.00514800514801 0.0 0.684684684685
1 1240 0.00322580645161 0.0 0.622580645161
1 1311 0.00152555301297 0.0 0.661327231121
0 728 0.00274725274725 0.0 0.538461538462
0 1117 0.00179051029543 0.0 0.557743957028
0 1455 0.00481099656357 0.0 0.588316151203
0 1184 0.00591216216216 0.000844594594595 0.554898648649
1 330 0.0 0.0 0.575757575758
0 414 0.0024154589372 0.0 0.528985507246
1 366 0.00273224043716 0.0 0.456284153005
1 937 0.00106723585912 0.00106723585912 0.653148345784
1 328 0.0030487804878 0.0 0.585365853659
0 326 0.00306748466258 0.0 0.401840490798
0 1697 0.00942840306423 0.0 0.637595757219
0 262 0.0114503816794 0.0 0.419847328244
1 427 0.00702576112412 0.0 0.555035128806
0 516 0.00387596899225 0.0 0.441860465116
0 1562 0.00192061459667 0.00128040973111 0.564660691421
1 1664 0.00300480769231 0.000600961538462 0.718149038462
0 581 0.00688468158348 0.00172117039587 0.487091222031
0 760 0.00394736842105 0.0 0.481578947368
1 635 0.00472440944882 0.0 0.584251968504
0 2639 0.00757862826828 0.00151572565366 0.643046608564
0 353 0.0113314447592 0.0 0.405099150142
1 651 0.00921658986175 0.00153609831029 0.602150537634
0 1335 0.00524344569288 0.000749063670412 0.580524344569
0 1063 0.00470366886171 0.0 0.571025399812
0 1039 0.00962463907603 0.0 0.537054860443
1 2658 0.00413844996238 0.0 0.742663656885
1 420 0.0 0.0 0.619047619048
1 1275 0.00156862745098 0.00078431372549 0.687058823529
0 4458 0.00695379093764 0.000448631673396 0.672050246747
1 1142 0.00262697022767 0.0 0.655866900175
1 1223 0.00245298446443 0.0 0.679476696648
1 3654 0.00465243568692 0.0 0.74192665572
0 236 0.0169491525424 0.0 0.398305084746
1 488 0.00204918032787 0.0 0.594262295082
1 400 0.0 0.0 0.5575
0 315 0.0222222222222 0.0 0.412698412698
1 3165 0.00758293838863 0.000315955766193 0.762717219589
0 3783 0.00555114988105 0.000264340470526 0.644197726672
0 837 0.00119474313023 0.00119474313023 0.543608124253
0 3769 0.00557176970019 0.000795967100027 0.667551074556
0 598 0.0 0.0 0.471571906355
1 681 0.0014684287812 0.0014684287812 0.607929515419
1 3784 0.00581395348837 0.0 0.78567653277
1 636 0.00157232704403 0.00157232704403 0.610062893082
0 219 0.00913242009132 0.0 0.342465753425
1 164 0.0 0.0 0.384146341463
1 1002 0.00299401197605 0.00199600798403 0.655688622754
0 713 0.0 0.0 0.489481065919
1 443 0.00451467268623 0.00225733634312 0.462753950339
0 568 0.00528169014085 0.0 0.475352112676
0 241 0.0124481327801 0.00414937759336 0.406639004149
1 443 0.00451467268623 0.0 0.593679458239
1 4723 0.00656362481474 0.0 0.806690662714
0 3957 0.00581248420521 0.0 0.671215567349
0 404 0.00742574257426 0.0 0.465346534653
1 486 0.00205761316872 0.00205761316872 0.561728395062
1 603 0.0016583747927 0.0 0.558872305141
1 898 0.00334075723831 0.0011135857461 0.729398663697
1 828 0.0 0.0 0.632850241546
1 558 0.010752688172 0.00179211469534 0.625448028674
0 635 0.0 0.0 0.486614173228
0 843 0.0142348754448 0.0 0.543297746145
1 573 0.00174520069808 0.0 0.532286212914
1 621 0.0 0.0 0.618357487923
0 548 0.00547445255474 0.0 0.478102189781
0 361 0.01108033241 0.0 0.401662049861
0 507 0.00986193293886 0.0 0.504930966469
1 805 0.00372670807453 0.0 0.660869565217
0 645 0.0062015503876 0.0 0.486821705426
1 779 0.00385109114249 0.0 0.671373555841
0 660 0.00606060606061 0.0 0.521212121212
0 579 0.00690846286701 0.0 0.45768566494
0 362 0.0110497237569 0.0 0.389502762431
0 994 0.00503018108652 0.0 0.52615694165
1 391 0.0102301790281 0.0 0.595907928389
1 737 0.00271370420624 0.0 0.643147896879
0 552 0.0018115942029 0.0 0.490942028986
0 1033 0.00968054211036 0.0 0.584704743466
0 299 0.00334448160535 0.0 0.387959866221
1 542 0.00184501845018 0.00184501845018 0.60332103321
1 712 0.00280898876404 0.0 0.598314606742
1 422 0.00947867298578 0.0 0.601895734597
1 10384 0.00568181818182 0.000288906009245 0.801617873652
0 12173 0.00517538815411 0.000492894109915 0.744105807936
1 670 0.0089552238806 0.0 0.64776119403
0 521 0.00959692898273 0.0 0.476007677543
0 922 0.00325379609544 0.0 0.52169197397
1 741 0.00269905533063 0.00134952766532 0.612685560054
1 327 0.00305810397554 0.0 0.626911314985
0 500 0.0 0.002 0.508
1 369 0.00271002710027 0.0 0.539295392954
1 585 0.0017094017094 0.0 0.526495726496
0 244 0.00409836065574 0.00409836065574 0.364754098361
1 636 0.0110062893082 0.0 0.573899371069
0 568 0.00176056338028 0.0 0.507042253521
1 385 0.0 0.0 0.587012987013
0 684 0.00730994152047 0.0 0.511695906433
0 348 0.00574712643678 0.0 0.445402298851
0 283 0.00353356890459 0.0 0.459363957597
0 714 0.00280112044818 0.0 0.511204481793
0 333 0.00600600600601 0.0 0.378378378378
1 426 0.00469483568075 0.0 0.539906103286
0 1452 0.00275482093664 0.0 0.558539944904
1 569 0.00351493848858 0.0 0.548330404218
1 445 0.0 0.0 0.622471910112
1 1844 0.00108459869848 0.0 0.747830802603
0 211 0.00473933649289 0.0 0.317535545024
0 1065 0.00469483568075 0.00093896713615 0.554929577465
0 795 0.00377358490566 0.00125786163522 0.548427672956
0 362 0.00552486187845 0.0 0.441988950276
1 247 0.00404858299595 0.0 0.493927125506
0 2055 0.0043795620438 0.000486618004866 0.602433090024
1 954 0.00314465408805 0.0 0.567085953878
0 224 0.00892857142857 0.0 0.375
1 795 0.00251572327044 0.0 0.689308176101
0 561 0.017825311943 0.0 0.509803921569
0 598 0.00334448160535 0.0 0.47491638796
1 456 0.00219298245614 0.0 0.600877192982
0 518 0.00772200772201 0.0 0.434362934363
0 435 0.00689655172414 0.0 0.471264367816
0 709 0.00705218617772 0.0 0.514809590973
0 359 0.00278551532033 0.0 0.440111420613
0 508 0.00196850393701 0.0 0.458661417323
1 1749 0.0062893081761 0.00114351057747 0.7512864494
0 1478 0.00473612990528 0.00135317997294 0.542625169147
1 383 0.0 0.0 0.498694516971
1 346 0.0028901734104 0.0 0.528901734104
0 441 0.00680272108844 0.0 0.451247165533
0 726 0.00550964187328 0.0 0.522038567493
1 553 0.00180831826401 0.0 0.613019891501
1 505 0.0039603960396 0.0 0.566336633663
0 1441 0.00693962526024 0.000693962526024 0.575294934074
1 454 0.00881057268722 0.0 0.61013215859
1 786 0.0 0.0 0.562340966921
0 500 0.004 0.0 0.406
1 435 0.0114942528736 0.0 0.583908045977
1 574 0.00348432055749 0.0 0.614982578397
0 669 0.00448430493274 0.0 0.518684603886
1 1734 0.0080738177624 0.0 0.727220299885
0 514 0.011673151751 0.00194552529183 0.480544747082
1 463 0.00215982721382 0.0 0.479481641469
0 423 0.00472813238771 0.00236406619385 0.442080378251
0 518 0.015444015444 0.0019305019305 0.528957528958
0 1054 0.00569259962049 0.0 0.561669829222
0 627 0.00318979266348 0.0 0.521531100478
0 725 0.00827586206897 0.0 0.47724137931
1 554 0.0072202166065 0.0 0.559566787004
1 1627 0.00307314074985 0.0 0.756607252612
1 667 0.00599700149925 0.0 0.626686656672
0 360 0.00277777777778 0.0 0.411111111111
1 994 0.00301810865191 0.0010060362173 0.702213279678
1 650 0.00615384615385 0.0 0.609230769231
0 1950 0.00769230769231 0.0 0.60358974359
1 423 0.0 0.0 0.494089834515
1 406 0.00492610837438 0.00246305418719 0.633004926108
1 1017 0.0039331366765 0.000983284169125 0.665683382498
0 421 0.00950118764846 0.0 0.429928741093
0 1091 0.00366636113657 0.000916590284143 0.548120989918
1 607 0.00164744645799 0.0 0.626029654036
1 553 0.00361663652803 0.0 0.585895117541
0 630 0.0031746031746 0.0 0.477777777778
1 527 0.011385199241 0.0 0.561669829222
1 2388 0.00251256281407 0.000418760469012 0.73743718593
0 337 0.0 0.0 0.436201780415
0 1416 0.00706214689266 0.0 0.575564971751
0 2012 0.00596421471173 0.0 0.626242544732
0 1954 0.00818833162743 0.000511770726714 0.602354145343
0 755 0.00529801324503 0.0 0.501986754967
0 749 0.00534045393858 0.0 0.52870493992
0 914 0.00765864332604 0.0 0.543763676149
1 433 0.00230946882217 0.0 0.630484988453
0 987 0.00911854103343 0.0 0.529888551165
0 959 0.00417101147028 0.0 0.525547445255
1 1158 0.00604490500864 0.0 0.695164075993
1 512 0.00390625 0.0 0.50390625
1 359 0.008356545961 0.0 0.490250696379
1 1533 0.00456621004566 0.0 0.686236138291
0 1032 0.00968992248062 0.000968992248062 0.582364341085
0 3523 0.00851546977008 0.0 0.644621061595
0 550 0.00363636363636 0.00181818181818 0.450909090909
1 2264 0.00397526501767 0.000441696113074 0.75574204947
0 513 0.00389863547758 0.0 0.432748538012
1 1647 0.00303582270795 0.0 0.689738919247
1 553 0.00542495479204 0.0 0.587703435805
0 1314 0.0076103500761 0.00076103500761 0.531202435312
0 763 0.00917431192661 0.0 0.526867627785
1 715 0.00699300699301 0.0 0.630769230769
1 914 0.00437636761488 0.0 0.640043763676
0 636 0.00471698113208 0.0 0.518867924528
0 367 0.00272479564033 0.00272479564033 0.425068119891
0 188 0.0 0.0 0.367021276596
1 930 0.0010752688172 0.0010752688172 0.701075268817
1 1084 0.00276752767528 0.0 0.618081180812
1 1280 0.01015625 0.0 0.74296875
1 4159 0.00673238759317 0.000240442414042 0.786246693917
1 518 0.00772200772201 0.0 0.561776061776
1 575 0.00521739130435 0.0 0.546086956522
0 392 0.00510204081633 0.0 0.448979591837
1 1769 0.00282645562465 0.000565291124929 0.739400791408
1 655 0.00152671755725 0.0030534351145 0.601526717557
1 563 0.0 0.0 0.623445825933
1 340 0.00588235294118 0.0 0.502941176471
1 316 0.0 0.0 0.541139240506
1 498 0.00803212851406 0.0 0.574297188755
0 1373 0.00436999271668 0.00145666423889 0.571740713765
1 1319 0.000758150113723 0.0 0.628506444276
1 4299 0.00581530588509 0.000232612235404 0.791346824843
1 558 0.0 0.0 0.562724014337
1 337 0.0 0.0 0.566765578635
0 4467 0.00582046115961 0.000223863890754 0.684128050146
1 839 0.00119189511323 0.0 0.61978545888
1 548 0.0 0.0 0.54197080292
0 581 0.00688468158348 0.0 0.437177280551
0 260 0.00769230769231 0.0 0.380769230769
0 1117 0.00358102059087 0.0 0.523724261415
0 614 0.00651465798046 0.0 0.532573289902
1 464 0.00431034482759 0.0 0.560344827586
0 377 0.0053050397878 0.0 0.427055702918
0 420 0.00238095238095 0.0 0.421428571429
0 451 0.00886917960089 0.0 0.39689578714
1 559 0.00357781753131 0.0 0.615384615385
1 557 0.00718132854578 0.0 0.587073608618
1 518 0.0 0.0 0.509652509653
1 688 0.00436046511628 0.0 0.629360465116
0 446 0.00448430493274 0.0 0.428251121076
1 983 0.00610376398779 0.0 0.679552390641
1 743 0.0121130551817 0.0 0.650067294751
0 541 0.0 0.00184842883549 0.430683918669
0 993 0.00302114803625 0.0 0.547834843907
1 514 0.00972762645914 0.0 0.612840466926
1 1411 0.000708717221828 0.0 0.702338766832
0 711 0.0098452883263 0.0 0.527426160338
1 349 0.0 0.0 0.501432664756
0 384 0.0130208333333 0.0 0.411458333333
1 612 0.00490196078431 0.0 0.642156862745
1 377 0.0 0.0 0.525198938992
0 982 0.0050916496945 0.0 0.539714867617
1 1058 0.0047258979206 0.0 0.637051039698
0 308 0.00324675324675 0.0 0.36038961039
1 830 0.00361445783133 0.0 0.636144578313
1 4864 0.00308388157895 0.0 0.768092105263
1 1132 0.00353356890459 0.0 0.636042402827
0 611 0.00818330605565 0.0 0.469721767594
0 603 0.00995024875622 0.0 0.487562189055
1 580 0.00172413793103 0.00172413793103 0.603448275862
1 3220 0.00496894409938 0.000310559006211 0.783229813665
1 929 0.0043057050592 0.0 0.652314316469
0 1101 0.00544959128065 0.0 0.569482288828
0 632 0.00474683544304 0.00316455696203 0.474683544304
1 4556 0.00614574187884 0.000219490781387 0.770412642669
0 6122 0.00539039529566 0.000490035935969 0.695524338451
0 807 0.0123915737299 0.0 0.517967781908
1 1678 0.00655542312277 0.0 0.759237187128
1 4301 0.00511508951407 0.000465008137642 0.768658451523
1 1570 0.00445859872611 0.0 0.745222929936
0 463 0.0107991360691 0.0 0.438444924406
1 800 0.0 0.0 0.7075
1 1358 0.00294550810015 0.000736377025037 0.716494845361
0 3862 0.00750906266183 0.000258933195236 0.657690315898
0 793 0.00126103404792 0.0 0.525851197982
0 5481 0.00656814449918 0.000547345374932 0.687648239372
1 328 0.0 0.0 0.503048780488
1 473 0.0 0.0 0.562367864693
0 1353 0.00739098300074 0.0 0.580931263858
0 5327 0.00525624178712 0.000187722920969 0.687816782429
0 1127 0.00709849157054 0.0 0.55900621118
0 456 0.0131578947368 0.00219298245614 0.440789473684
1 152 0.0 0.0 0.394736842105
1 1091 0.00458295142071 0.0 0.649862511457
0 1056 0.00757575757576 0.0 0.520833333333
1 335 0.0119402985075 0.0 0.471641791045
1 889 0.00224971878515 0.0 0.63329583802
0 422 0.0142180094787 0.0 0.443127962085
0 549 0.00546448087432 0.0 0.468123861566
1 578 0.00346020761246 0.0 0.624567474048
0 161 0.0 0.0 0.391304347826
1 1369 0.00657414170928 0.00073046018992 0.668371073776
0 1063 0.00564440263405 0.0 0.575729068674
1 555 0.0036036036036 0.0 0.572972972973
1 531 0.00564971751412 0.00188323917137 0.58945386064
0 212 0.00471698113208 0.0 0.353773584906
0 847 0.00236127508855 0.0 0.500590318772
1 453 0.00220750551876 0.0 0.584988962472
0 500 0.008 0.0 0.48
0 1140 0.00614035087719 0.000877192982456 0.537719298246
1 451 0.0 0.0 0.507760532151
0 583 0.00514579759863 0.00171526586621 0.463121783877
0 621 0.0144927536232 0.0 0.475040257649
0 489 0.00613496932515 0.0 0.521472392638
0 552 0.0036231884058 0.0 0.494565217391
1 547 0.0018281535649 0.0 0.590493601463
0 473 0.0126849894292 0.0 0.458773784355
1 900 0.00444444444444 0.0 0.673333333333
0 791 0.00758533501896 0.00126422250316 0.524652338812
0 787 0.00889453621347 0.0 0.520965692503
1 508 0.0 0.0 0.561023622047
1 479 0.00208768267223 0.0 0.590814196242
0 389 0.00514138817481 0.0 0.383033419023
0 1032 0.00872093023256 0.0 0.546511627907
1 1018 0.00294695481336 0.00098231827112 0.63163064833
0 145 0.00689655172414 0.0 0.28275862069
0 1269 0.00157604412924 0.0 0.557919621749
1 126 0.015873015873 0.0 0.380952380952
1 1381 0.00579290369298 0.0 0.687907313541
1 723 0.00138312586445 0.0 0.69571230982
0 781 0.00640204865557 0.00128040973111 0.544174135723
1 388 0.00515463917526 0.0 0.471649484536
1 1345 0.00669144981413 0.000743494423792 0.700371747212
1 484 0.00619834710744 0.0 0.663223140496
0 498 0.00200803212851 0.0 0.4859437751
1 458 0.00436681222707 0.0 0.53711790393
0 2094 0.00477554918816 0.000477554918816 0.617956064947
0 295 0.0101694915254 0.00338983050847 0.416949152542
0 311 0.0 0.0 0.382636655949
0 147 0.0204081632653 0.0 0.319727891156
0 3971 0.00428103752203 0.0 0.657013346764
0 507 0.00591715976331 0.0 0.502958579882
0 651 0.00921658986175 0.0 0.479262672811
0 352 0.00284090909091 0.0 0.366477272727
0 1014 0.000986193293886 0.0 0.541420118343
0 327 0.00611620795107 0.0 0.345565749235
0 494 0.00202429149798 0.0 0.461538461538
0 3788 0.00580781414995 0.0 0.652851108765
1 268 0.0 0.0 0.567164179104
1 4491 0.00445335114674 0.0 0.790247160989
1 462 0.0 0.0 0.614718614719
0 2286 0.00612423447069 0.000437445319335 0.612860892388
1 526 0.00380228136882 0.0 0.534220532319
0 307 0.00651465798046 0.0 0.361563517915
0 524 0.00381679389313 0.0 0.412213740458
0 786 0.00636132315522 0.0 0.552162849873
0 907 0.00220507166483 0.0 0.519294377067
1 439 0.00227790432802 0.0 0.603644646925
1 968 0.00309917355372 0.0 0.669421487603
1 640 0.0078125 0.0 0.7015625
0 878 0.00227790432802 0.0 0.519362186788
1 510 0.0 0.0 0.550980392157
0 969 0.0061919504644 0.0 0.539731682147
0 596 0.00167785234899 0.0 0.46644295302
0 360 0.0 0.0 0.430555555556
1 3429 0.00466608340624 0.0 0.73257509478
0 835 0.00359281437126 0.0 0.51377245509
1 1900 0.00315789473684 0.000526315789474 0.694210526316
1 446 0.00896860986547 0.0 0.605381165919
0 319 0.00940438871473 0.0 0.404388714734
0 1039 0.0105871029836 0.0 0.526467757459
0 483 0.00207039337474 0.0 0.451345755694
0 894 0.0123042505593 0.0 0.482102908277
1 532 0.0 0.0 0.578947368421
1 565 0.0 0.0 0.534513274336
1 779 0.00256739409499 0.0 0.629011553273
1 969 0.00206398348813 0.0 0.675954592363
0 383 0.00261096605744 0.0 0.433420365535
1 923 0.00758396533044 0.0 0.707475622969
0 379 0.00263852242744 0.0 0.44327176781
0 498 0.0120481927711 0.00200803212851 0.431726907631
1 488 0.0143442622951 0.0 0.59631147541
1 387 0.0129198966408 0.0 0.568475452196
0 7191 0.00639688499513 0.000417188151856 0.694340147406
0 1193 0.00838222967309 0.0 0.554065381391
1 829 0.00361881785283 0.00120627261761 0.659831121834
1 431 0.0092807424594 0.0 0.62180974478
1 1056 0.00189393939394 0.0 0.633522727273
1 447 0.00223713646532 0.00223713646532 0.568232662192
0 478 0.00418410041841 0.0 0.462343096234
1 749 0.00534045393858 0.0 0.647530040053
0 537 0.00558659217877 0.0 0.508379888268
1 497 0.0 0.0 0.573440643863
1 429 0.0 0.0 0.554778554779
1 442 0.00678733031674 0.0 0.536199095023
1 8718 0.00802936453315 0.000344115622849 0.835856847901
1 1485 0.00606060606061 0.0 0.743434343434
0 728 0.00686813186813 0.0 0.517857142857
0 575 0.00347826086957 0.0 0.497391304348
1 427 0.00468384074941 0.0 0.480093676815
0 1209 0.00744416873449 0.000827129859388 0.585607940447
0 689 0.00580551523948 0.00145137880987 0.493468795356
1 653 0.00459418070444 0.0 0.606431852986
1 1030 0.00970873786408 0.0 0.702912621359
1 452 0.0176991150442 0.0 0.522123893805
1 1129 0.00620017714792 0.00088573959256 0.674047829938
0 782 0.00895140664962 0.0 0.50895140665
1 648 0.0 0.00154320987654 0.583333333333
0 2042 0.00538687561214 0.0 0.597453476983
0 546 0.014652014652 0.0 0.492673992674
1 700 0.0 0.0 0.587142857143
1 1394 0.006456241033 0.0 0.72668579627
1 533 0.00187617260788 0.0 0.56660412758
1 516 0.00193798449612 0.0 0.587209302326
1 566 0.00706713780919 0.0 0.583038869258
0 484 0.0103305785124 0.0 0.452479338843
1 2063 0.00242365487155 0.0 0.701405719825
0 440 0.0 0.0 0.493181818182
1 545 0.0 0.0 0.565137614679
0 1914 0.00574712643678 0.0 0.602925809822
0 459 0.00653594771242 0.0 0.442265795207
0 738 0.00135501355014 0.0 0.513550135501
1 526 0.00190114068441 0.0 0.566539923954
0 2595 0.00500963391137 0.0 0.633911368015
1 3374 0.00414937759336 0.0 0.777119146414
1 572 0.00699300699301 0.00174825174825 0.531468531469
1 651 0.00614439324117 0.0 0.625192012289
0 815 0.00736196319018 0.00122699386503 0.498159509202
0 747 0.00803212851406 0.0 0.540829986613
1 553 0.00542495479204 0.0 0.593128390597
1 853 0.00586166471278 0.0 0.636576787808
1 270 0.0 0.0 0.451851851852
1 4450 0.00404494382022 0.000224719101124 0.787640449438
0 474 0.0126582278481 0.00210970464135 0.428270042194
1 704 0.00710227272727 0.0 0.708806818182
0 625 0.0096 0.0 0.4816
0 477 0.0104821802935 0.0020964360587 0.461215932914
1 556 0.00359712230216 0.0 0.606115107914
0 3082 0.00292018170019 0.00064892926671 0.642439974043
1 2063 0.0053320407174 0.0 0.789142026175
1 528 0.00568181818182 0.0 0.706439393939
1 1620 0.0104938271605 0.00123456790123 0.745061728395
1 9700 0.00484536082474 0.000618556701031 0.796597938144
0 517 0.00580270793037 0.0 0.450676982592
1 964 0.00311203319502 0.00103734439834 0.71265560166
0 416 0.00961538461538 0.0 0.495192307692
1 750 0.004 0.0 0.706666666667
0 1402 0.00499286733238 0.0 0.570613409415
0 518 0.003861003861 0.0 0.471042471042
0 1783 0.0084127874369 0.0 0.583847448121
1 2687 0.00334946036472 0.0 0.710829921846
1 358 0.00279329608939 0.0 0.656424581006
1 492 0.00609756097561 0.0 0.619918699187
1 1530 0.00196078431373 0.0 0.757516339869
0 11800 0.00559322033898 0.000338983050847 0.743389830508
0 963 0.0134994807892 0.0 0.536863966771
0 716 0.00698324022346 0.00139664804469 0.512569832402
0 2962 0.00438892640108 0.00033760972316 0.62288993923
0 185 0.0216216216216 0.0 0.308108108108
1 518 0.0019305019305 0.0 0.546332046332
0 439 0.00455580865604 0.0 0.410022779043
0 1532 0.0032637075718 0.00065274151436 0.570496083551
0 390 0.0128205128205 0.0 0.466666666667
1 478 0.0 0.0 0.57949790795
1 772 0.00129533678756 0.0 0.64378238342
0 448 0.00223214285714 0.0 0.475446428571
1 3209 0.00467435338112 0.000311623558741 0.789965721409
1 2148 0.006052141527 0.0 0.73696461825
1 4337 0.00415033433249 0.0 0.785335485359
1 1489 0.00470114170584 0.0 0.77165883143
0 947 0.00739176346357 0.0 0.554382259768
0 3391 0.00707755824241 0.0 0.642878207019
1 727 0.00275103163686 0.0 0.6492434663
0 1734 0.00692041522491 0.0 0.585928489043
1 2067 0.00677310111272 0.000483792936623 0.77648766328
1 887 0.0011273957159 0.0 0.642615558061
0 4625 0.008 0.000432432432432 0.679351351351
1 3457 0.00723170378941 0.0 0.811686433324
1 1415 0.00353356890459 0.0 0.662897526502
1 870 0.00919540229885 0.0 0.74367816092
0 1312 0.00838414634146 0.0 0.572408536585
1 1378 0.00870827285922 0.000725689404935 0.748911465893
0 550 0.00727272727273 0.0 0.476363636364
1 566 0.00353356890459 0.0 0.544169611307
0 1851 0.00540248514317 0.0 0.585629389519
0 835 0.00479041916168 0.0 0.493413173653
1 1140 0.0105263157895 0.0 0.758771929825
0 2510 0.00717131474104 0.000796812749004 0.601195219124
0 1356 0.00221238938053 0.000737463126844 0.546460176991
1 508 0.00590551181102 0.0 0.59842519685
0 594 0.0117845117845 0.0 0.469696969697
1 920 0.00108695652174 0.0 0.667391304348
1 664 0.00150602409639 0.0 0.53765060241
1 12280 0.00594462540717 0.00195439739414 0.776791530945
1 546 0.003663003663 0.0 0.549450549451
1 2370 0.00506329113924 0.00042194092827 0.75611814346
0 1049 0.00190657769304 0.0 0.524308865586
1 439 0.0 0.0 0.619589977221
0 848 0.00825471698113 0.0 0.540094339623
0 917 0.00436205016358 0.0 0.556161395856
0 467 0.00428265524625 0.0 0.45182012848
1 498 0.0 0.0 0.578313253012
1 859 0.0011641443539 0.0 0.571594877765
1 2343 0.00512163892446 0.0 0.722577891592
1 471 0.0 0.0 0.590233545648
1 533 0.00375234521576 0.0 0.568480300188
0 947 0.00211193241816 0.00105596620908 0.50580781415
1 480 0.0 0.00416666666667 0.641666666667
0 1348 0.00445103857567 0.0 0.583827893175
0 16257 0.00510549301839 0.000123023928154 0.762686842591
0 615 0.00162601626016 0.0 0.461788617886
1 578 0.00692041522491 0.0 0.565743944637
0 1678 0.00655542312277 0.000595947556615 0.588796185936
1 371 0.0 0.0 0.592991913747
1 1603 0.00686213349969 0.0 0.704304429195
0 454 0.011013215859 0.0 0.438325991189
0 574 0.00871080139373 0.0 0.5
0 643 0.00466562986003 0.0 0.46500777605
0 1521 0.00657462195924 0.0 0.558185404339
1 2748 0.00436681222707 0.000363901018923 0.724163027656
0 439 0.00683371298405 0.0 0.519362186788
1 847 0.0 0.0 0.629279811098
1 364 0.0 0.0 0.524725274725
1 243 0.0164609053498 0.0 0.506172839506
1 1141 0.00350569675723 0.0 0.673970201578
1 477 0.0020964360587 0.0 0.658280922432
0 404 0.0 0.00247524752475 0.383663366337
0 463 0.0129589632829 0.0 0.501079913607
0 680 0.00588235294118 0.0 0.522058823529
1 460 0.00869565217391 0.0 0.613043478261
1 6402 0.00343642611684 0.000937207122774 0.759293970634
1 633 0.00631911532385 0.0 0.609794628752
0 358 0.0 0.0 0.474860335196
0 1696 0.0064858490566 0.0 0.600235849057
0 3193 0.00626370184779 0.000626370184779 0.668650172252
0 788 0.0126903553299 0.0 0.497461928934
0 428 0.0116822429907 0.0 0.464953271028
0 303 0.00660066006601 0.0 0.452145214521
0 960 0.00729166666667 0.0 0.533333333333
0 437 0.0045766590389 0.0 0.439359267735
0 820 0.00609756097561 0.0 0.513414634146
0 9481 0.00569560172978 0.000105474106107 0.711844742116
0 465 0.010752688172 0.0 0.458064516129
1 344 0.0 0.00290697674419 0.517441860465
1 556 0.0 0.0 0.613309352518
1 472 0.00847457627119 0.0 0.627118644068
0 355 0.0169014084507 0.0 0.377464788732
0 606 0.003300330033 0.0 0.521452145215
0 601 0.00166389351082 0.0 0.465890183028
1 744 0.0 0.0 0.614247311828
0 494 0.00607287449393 0.0 0.477732793522
0 484 0.00619834710744 0.0 0.50826446281
1 491 0.0020366598778 0.0 0.61099796334
0 1236 0.00728155339806 0.000809061488673 0.527508090615
0 4439 0.00720883081775 0.000225275963055 0.665465194864
1 1071 0.0046685340803 0.0 0.606909430439
0 824 0.0109223300971 0.0 0.510922330097
1 3230 0.00371517027864 0.00061919504644 0.723529411765
1 651 0.0 0.0 0.546850998464
0 768 0.00651041666667 0.0 0.52734375
0 174 0.0 0.0 0.316091954023
0 431 0.0046403712297 0.0 0.505800464037
1 729 0.00685871056241 0.00137174211248 0.714677640604
0 1651 0.00666262870987 0.0 0.584494245912
1 206 0.0 0.0 0.504854368932
0 1071 0.0102707749767 0.0 0.521008403361
1 408 0.0 0.0 0.585784313725
1 2060 0.00728155339806 0.0 0.720873786408
1 1208 0.00579470198675 0.0 0.656456953642
1 632 0.00158227848101 0.0 0.686708860759
0 367 0.00272479564033 0.0 0.422343324251
1 445 0.00224719101124 0.0 0.656179775281
0 456 0.00657894736842 0.0 0.445175438596
1 531 0.00188323917137 0.0 0.581920903955
0 434 0.0115207373272 0.0 0.456221198157
0 691 0.0 0.0 0.486251808973
0 657 0.0106544901065 0.0 0.499238964992
1 696 0.0014367816092 0.0 0.60632183908
0 693 0.004329004329 0.002886002886 0.484848484848
1 545 0.0 0.0 0.521100917431
0 1240 0.00967741935484 0.0 0.535483870968
1 957 0.00104493207941 0.0 0.632183908046
1 1115 0.00538116591928 0.0 0.6466367713
0 498 0.00401606425703 0.0 0.425702811245
0 3399 0.00676669608708 0.000294204177699 0.658428949691
0 943 0.00106044538706 0.0 0.522799575822
1 805 0.00372670807453 0.0 0.606211180124
0 485 0.00824742268041 0.0 0.484536082474
0 538 0.0148698884758 0.00185873605948 0.513011152416
0 352 0.0113636363636 0.0 0.423295454545
1 3950 0.00379746835443 0.0 0.780506329114
1 1362 0.0014684287812 0.000734214390602 0.733480176211
1 411 0.00973236009732 0.0 0.510948905109
1 495 0.0 0.0020202020202 0.519191919192
0 515 0.0 0.00194174757282 0.497087378641
1 442 0.0 0.0 0.561085972851
0 618 0.00323624595469 0.00161812297735 0.521035598706
0 216 0.00925925925926 0.0 0.351851851852
0 424 0.00471698113208 0.0 0.462264150943
1 394 0.00253807106599 0.0 0.48730964467
0 1188 0.003367003367 0.0 0.569023569024
1 457 0.00218818380744 0.0 0.55579868709
1 228 0.0 0.0 0.486842105263
0 1329 0.0150489089541 0.0 0.557562076749
1 490 0.00612244897959 0.00408163265306 0.569387755102
0 1946 0.0082219938335 0.0 0.573484069887
1 1242 0.000805152979066 0.0 0.648148148148
0 538 0.00557620817844 0.00185873605948 0.492565055762
1 1421 0.00703729767769 0.0 0.771991555243
0 453 0.0 0.0 0.485651214128
1 3617 0.0107824163672 0.0 0.818081282831
1 582 0.0120274914089 0.0 0.620274914089
1 436 0.0 0.0 0.55504587156
0 603 0.0 0.0 0.507462686567
0 1757 0.00682982356289 0.000569151963574 0.574274331246
1 519 0.0019267822736 0.0 0.566473988439
0 578 0.0 0.00173010380623 0.439446366782
0 1323 0.00831443688587 0.0 0.572184429327
1 2187 0.00411522633745 0.000457247370828 0.748971193416
1 757 0.0105680317041 0.0 0.673712021136
1 1509 0.00728959575878 0.000662690523526 0.777998674619
1 1053 0.00189933523267 0.0 0.634377967711
1 311 0.0 0.0 0.546623794212
0 962 0.014553014553 0.0 0.559251559252
0 204 0.0245098039216 0.00980392156863 0.352941176471
0 622 0.0032154340836 0.0 0.504823151125
1 506 0.00395256916996 0.0 0.559288537549
1 2258 0.0066430469442 0.0 0.786979627989
0 2072 0.00482625482625 0.000482625482625 0.630308880309
0 1035 0.00289855072464 0.0 0.551690821256
0 663 0.00603318250377 0.0 0.452488687783
0 806 0.00496277915633 0.0 0.521091811414
0 403 0.00992555831266 0.0 0.481389578164
1 1088 0.00735294117647 0.0 0.669117647059
1 735 0.0 0.0 0.578231292517
0 756 0.00661375661376 0.0 0.529100529101
0 478 0.00627615062762 0.0 0.491631799163
0 1917 0.00834637454356 0.00104329681794 0.589462702139
1 621 0.00644122383253 0.00161030595813 0.599033816425
0 977 0.00511770726714 0.0 0.523029682702
0 361 0.00277008310249 0.0 0.418282548476
1 363 0.0 0.0 0.493112947658
1 876 0.0 0.0 0.696347031963
1 478 0.0 0.0 0.558577405858
1 1600 0.0075 0.0 0.671875
1 638 0.0 0.0 0.567398119122
1 349 0.0 0.0 0.504297994269
1 852 0.00821596244131 0.00117370892019 0.609154929577
0 481 0.004158004158 0.0 0.376299376299
1 461 0.00433839479393 0.0 0.642082429501
1 1275 0.00313725490196 0.00078431372549 0.665882352941
0 279 0.0 0.0 0.372759856631
1 1799 0.0094496942746 0.0 0.74874930517
0 1277 0.00704776820673 0.000783085356304 0.584964761159
1 2345 0.00554371002132 0.000426439232409 0.758208955224
1 673 0.00297176820208 0.00148588410104 0.692421991085
0 1594 0.00376411543287 0.0 0.58469259724
1 546 0.0018315018315 0.0 0.56043956044
0 2528 0.00474683544304 0.0 0.623022151899
0 493 0.00202839756592 0.0 0.456389452333
1 7616 0.00420168067227 0.000262605042017 0.819984243697
0 594 0.003367003367 0.0 0.476430976431
0 5462 0.00622482607104 0.000183083119736 0.67374588063
0 537 0.00558659217877 0.0 0.476722532588
1 490 0.0 0.0 0.544897959184
